-44 -10 99 -11 -80 -67 62 -44 98 44 79 43 95 31 61 41 -27 35 76 -54
-11 -31 -19 22 71 -24 32 -96 -21 -33 63 90 -51 -8 -18 -20 50 45 -54 -48
92 87 -28 -65 83 30 -73 -58 15 -5 -74 40 73 56 69 27 13 54 -65 6
3 9 -64 95 -26 -27 29 -41 38 28 35 -56 17 -4 29 26 29 -6 -1 55
98 -23 77 -100 10 26 -23 53 -39 -19 -2 55 -31 51 -58 31 50 -75 -76 -56
40 67 36 -91 62 -37 -28 -77 20 -14 -51 87 73 -9 -8 30 -85 -84 71 80
43 70 77 72 75 7 -68 -95 91 -69 -50 -100 28 -21 68 -47 -37 66 42 -36
-18 -10 48 -25 38 -83 11 -61 -5 24 -85 -56 -9 -83 -21 -62 53 82 95 24
3 54 -65 18 -31 14 34 -82 26 47 39 6 53 72 87 -80 75 46 -35 -37
20 -63 -100 -41 100 67 49 -55 45 65 35 -8 74 -22 99 -83 -11 -93 22 5
73 54 -50 -81 -50 52 -33 -49 7 -23 -43 90 4 -61 -73 11 52 -25 -29 17
5 63 4 -23 -30 -99 -87 -69 0 72 53 -79 -96 37 90 -68 -96 -78 51 76
-51 21 -54 69 13 61 -77 -99 -92 20 76 -21 -54 -57 31 -70 -33 -22 80 51
-14 57 60 47 -66 43 18 -24 57 -8 0 -16 6 -7 50 15 -55 -95 -90 46
-22 17 -17 -34 100 27 -48 34 80 38 4 -96 -59 89 21 86 -72 26 -46 5
-84 -35 72 98 67 -24 -39 74 65 13 -71 -79 -64 -13 -15 -52 -58 -58 25 -49
-94 -84 18 82 36 -12 -1 94 89 -59 -41 -39 -61 -98 7 -57 91 -51 -82 -13
83 -1 -47 -77 -59 -75 33 -73 -33 29 -76 -17 -38 3 88 88 -21 -99 -71 63
-49 -49 -84 4 -87 -78 23 -63 -88 93 46 58 -88 38 53 -99 62 31 26 -16
58 -63 43 1 31 -24 -57 -4 90 -56 93 53 26 -91 44 89 86 77 -37 -87
53 88 -76 1 45 -65 42 -37 -74 -43 -29 -80 -5 -8 9 38 -9 18 -96 40
42 -97 71 34 11 71 63 1 -19 -53 43 -11 -50 -81 -63 27 -77 -16 63 -20
7 88 -23 27 83 62 35 58 -82 21 15 16 -97 93 33 -26 -27 51 70 37
-29 -64 -100 -10 -16 88 64 -93 18 -20 -18 93 -59 -20 64 58 -1 -89 98 20
-81 68 73 22 -58 60 63 -10 63 63 -82 -7 -92 -7 -71 -13 -58 96 87 -74
-40 -10 85 60 15 -75 27 -42 -12 12 78 16 -97 58 49 -47 88 -55 -69 86
81 60 31 -21 -98 42 33 81 28 -84 -39 6 32 68 -49 -2 -17 -9 49 -78
-7 -91 47 -13 -11 79 59 61 -11 45 6 -18 -20 60 45 44 -26 54 -32 -95
-49 -90 -59 9 73 -67 -64 86 95 36 -61 100 -46 -89 -50 37 -86 37 -70 -3
50 42 -52 30 -33 -57 7 -40 -28 48 1 -48 98 -35 45 64 40 42 -15 97
95 27 -32 -7 13 49 -90 -19 -15 -5 -91 -52 68 27 95 -76 -42 18 -2 -54
-37 -97 -84 55 -94 52 -74 7 33 4 51 -75 17 -24 18 -25 17 6 33 -44
68 -48 82 10 82 -66 -13 84 88 -48 -35 56 18 -96 74 -45 -36 83 91 7
2 97 -15 -57 77 36 47 -83 -73 81 -65 -18 -63 -23 -93 49 -99 -91 -2 95
-52 85 -19 -29 1 -70 56 -70 -4 46 39 0 39 -42 15 17 -90 -43 59 -33
5 78 40 40 -12 -85 66 -70 86 92 76 50 81 19 -18 -66 84 -27 -81 1
89 5 82 51 70 48 -70 84 45 -12 75 60 35 29 -43 31 80 -73 86 65
90 60 40 -40 -65 61 73 -55 80 4 37 0 -81 93 38 -62 -93 -56 43 -31
-86 31 -47 -22 60 41 37 41 -30 16 -92 100 -28 31 98 61 -10 41 -17 74
47 -58 49 -15 29 -80 51 46 -60 24 -72 -14 -45 54 -70 -99 -21 25 -45 -17
14 30 27 66 40 -97 42 29 62 -59 32 -38 82 86 51 -82 -79 -63 43 87
84 60 17 -31 -81 -68 37 84 11 -33 18 -21 -27 -65 -1 -86 -7 -12 56 -26
43 14 -6 -96 -39 -48 -7 -17 74 -78 42 100 55 -80 68 -51 -12 -88 52 -2
-15 12 -85 -1 85 -40 57 -51 28 3 72 -88 -13 -20 -100 -27 3 -32 44 -90
-90 71 78 -54 -3 -57 14 -67 -45 52 -98 29 47 75 13 -73 -63 -42 71 2
-69 39 36 4 45 55 68 -33 -40 60 76 43 -75 -34 58 57 -75 99 -7 -57
-46 62 35 -44 5 20 73 -66 19 73 -14 -73 -71 51 -10 64 29 65 -22 -83
14 -2 93 52 55 -95 6 -76 78 -37 -3 41 -83 70 85 -64 53 -65 -67 -39
69 -23 57 8 -64 10 5 -50 65 -39 -53 -83 -71 39 66 35 45 83 85 -94
30 -3 -35 40 73 -66 85 84 -46 -15 5 40 36 16 63 37 66 46 55 82
-41 36 38 -35 5 -21 -28 73 55 94 55 -16 -15 -68 -47 96 60 98 -77 -78
67 60 28 -86 -22 73 7 87 -17 -93 -68 64 -67 -95 58 60 -36 45 -62 -7
-58 36 76 70 91 -96 -67 -45 -26 -16 78 -52 -92 73 -83 32 -38 -59 15 37
-95 36 -68 77 33 -41 -27 -75 -94 -45 17 36 99 81 -45 -51 -69 95 55 -24
27 -69 -72 43 -73 73 67 51 -44 100 6 -31 -29 -16 -92 -34 -9 48 -8 -33
-98 -81 37 25 69 -43 -42 7 51 -23 13 -60 -53 -40 82 -61 89 82 100 -40
-46 15 55 64 -28 12 10 -100 -76 93 -18 66 -93 -85 33 58 -82 -52 16 88
8 67 -48 8 -70 -19 -44 90 3 55 -65 -82 -16 88 28 84 89 78 29 -83
73 -25 8 14 19 0 33 28 -4 -100 -63 88 84 95 -75 75 -1 -14 14 -32
-38 63 65 13 45 -88 -7 77 -89 6 69 9 -22 90 96 -90 -43 -97 -81 -52
-22 66 -90 25 -65 -43 95 77 32 45 -23 -100 -24 73 70 -78 -99 3 44 94
74 57 73 -20 -71 65 -9 -6 -30 -78 41 27 49 -36 -6 74 0 -41 -1 -46
12 -34 -100 68 56 5 -45 -84 31 14 -8 -28 45 -15 88 -10 -69 50 75 27
20 65 43 -47 98 -13 -74 -18 -100 -31 84 -62 -90 -16 -84 63 64 -77 -12 -48
83 55 16 48 58 19 -76 -23 48 -17 -10 46 -19 40 60 -59 36 -27 36 46
82 -54 -97 21 -4 -65 37 -52 -32 -20 67 -72 24 31 -4 97 52 63 49 23
-91 -2 63 70 -4 -94 80 43 22 1 -7 99 72 4 99 36 50 -91 65 91
-88 -90 66 93 99 9 -37 -87 44 -38 7 -44 60 -93 -79 -22 89 -13 -1 91
9 23 26 -88 71 40 37 -48 99 -95 82 -78 -61 65 -56 38 -78 96 -73 25
44 -11 66 86 -31 -21 44 81 10 11 85 -58 -16 86 -97 15 10 34 13 24
-46 84 46 -25 87 13 48 -87 -52 41 93 68 -16 91 -54 -28 63 24 -49 -62
-69 -36 -6 -50 -31 42 3 55 91 -41 -68 -39 98 66 93 -7 46 97 90 54
-58 78 86 55 -75 -73 72 -23 0 -99 -54 -91 86 -85 -1 9 56 -100 25 42
-7 -88 85 -10 -33 81 -79 -19 100 -74 53 -88 -2 31 -95 24 25 -90 41 -36
87 13 98 87 62 38 -40 -24 52 85 17 -18 -86 61 12 -49 -52 -29 100 55
33 31 -31 87 -88 90 12 -39 41 20 54 -23 -51 -76 -38 40 -46 -41 88 -38
-78 -89 -10 54 44 5 -71 -57 43 -40 19 6 12 -88 -40 64 81 59 21 43
-72 8 39 60 -28 97 66 -56 51 68 18 -62 64 -83 -18 75 -33 47 31 -31
72 -80 67 99 -96 -79 53 -36 -61 -76 -40 -26 52 0 30 14 -92 -99 -20 -70
-24 0 -48 -19 -71 -67 -38 5 -1 44 -54 20 48 2 7 53 -83 -59 27 25
-86 50 84 -21 -64 46 -32 -2 -14 14 -11 -64 0 34 -13 52 7 9 74 68
-49 -92 -71 -93 -79 6 -7 10 57 -81 85 6 19 -49 -20 53 81 -80 23 50
-45 100 -65 47 82 -86 -77 -23 44 81 11 -22 -83 -66 -77 -24 -60 68 -74 -10
27 41 -95 -50 66 -99 -13 -72 -80 -80 -62 88 9 66 11 -57 -71 -2 -6 50
65 42 -49 36 0 -92 -40 45 12 92 70 -30 -82 66 -50 -95 -83 38 -75 46
99 -60 31 25 55 -1 52 -22 89 74 70 11 95 97 41 72 -19 16 -40 70
-4 96 39 57 -98 -56 -71 69 -41 -57 -35 -69 -39 5 75 -47 -26 -59 -2 -20
-35 73 20 -74 -55 20 -11 -35 -4 71 -65 -24 87 28 10 17 -64 -59 52 20
-93 -97 62 -47 -85 74 9 -19 6 30 -40 1 -9 -48 92 32 -38 -43 4 29
55 -93 -84 -82 64 17 -56 -5 38 -85 25 5 -28 70 32 56 -2 97 -87 47
57 82 47 -57 -23 5 23 44 -77 -68 44 2 92 -92 60 54 -96 -99 -53 -15
-74 52 -55 -61 6 16 -22 87 93 8 51 86 -72 -54 37 -8 -93 19 -81 -51
-56 -80 -53 22 -54 27 -2 80 86 92 34 -59 -4 -16 -51 46 -49 29 5 99
38 86 -41 47 17 99 35 47 -11 88 -45 88 49 -74 -80 32 55 -21 19 19
0 19 -44 52 -38 28 97 -37 63 -79 -48 80 22 65 61 -9 49 69 88 20
22 20 -93 -23 -71 89 -85 -53 -45 98 69 -24 84 7 99 -74 12 71 61 28
23 -100 -22 -20 -64 0 -94 -31 15 15 2 -28 58 -55 -70 82 -20 89 -25 -59
75 -40 -82 74 -84 -10 -99 -75 54 -20 -4 -63 -32 -31 -30 -28 48 62 72 47
68 -50 66 11 11 9 -89 14 -90 -24 -25 -11 36 -86 -97 35 72 -43 84 36
52 62 -84 97 92 -99 50 -40 -52 86 3 -19 -9 -44 83 -6 71 63 16 -5
6 -16 -13 60 -97 37 -67 -21 -33 -1 -73 50 -31 76 79 -73 6 -97 66 -72
-51 22 -4 91 80 19 13 -57 -66 52 58 31 -22 -70 -10 6 70 100 -46 -68
-97 -90 -13 71 50 88 -33 -12 -66 -33 -49 -80 -97 49 0 -96 82 91 -67 -71
42 87 -24 21 -28 63 17 27 14 -24 18 68 -47 45 -54 8 61 -14 -81 -90
-82 -38 -34 -14 -38 49 58 69 67 -39 -17 -24 91 89 -87 -44 -15 35 -94 -20
1 -9 49 3 83 -51 61 -84 -17 -57 16 13 -10 4 17 56 -10 -81 74 49
-53 64 31 94 -32 33 -44 -29 -95 -41 -55 -44 44 -34 19 -53 35 90 21 33
86 -82 -87 83 -97 -2 -75 -83 75 96 -95 -18 -30 -3 -75 -11 89 45 42 -38
-46 6 45 -64 35 5 -92 75 -18 89 35 -100 51 21 -7 -7 78 61 -61 -4
-77 51 -6 54 -55 -8 -89 24 4 -7 18 100 26 -30 35 51 9 7 19 -54
-16 -32 71 -83 -58 30 40 -3 35 28 -52 -22 -95 -89 32 50 -3 46 -62 -16
18 -62 46 69 -8 88 64 70 40 -19 -32 -17 68 -67 -25 54 87 -44 45 77
-9 91 61 -94 92 -69 -68 -51 -60 62 76 -62 18 -30 95 -99 -79 24 -72 17
99 58 5 -51 66 90 30 50 -87 48 39 78 -75 -89 -74 -69 -63 35 -44 16
-37 -14 57 -5 -20 40 53 -86 -86 -49 -3 -94 55 -93 -27 12 87 26 35 -8
-69 -30 -60 -92 18 -26 70 76 -66 -11 85 87 -40 -13 -58 -47 89 -7 68 76
-70 72 22 54 -78 62 -96 76 -6 7 -88 -69 79 78 70 -80 -77 72 62 46
-19 -33 96 31 10 11 2 -3 -90 -2 2 92 37 44 -8 -46 12 -55 82 45
-12 -52 25 -9 0 -9 65 63 10 -79 90 -91 -29 -74 -76 -97 29 58 -80 -31
44 -58 -95 -30 0 -73 -75 -44 -20 10 -73 -78 18 -16 -94 -95 31 11 -67 21
-90 26 -74 71 -74 7 88 -35 -93 7 -7 -34 57 -62 33 -20 -54 80 -57 91
94 -42 33 -69 35 -24 6 70 -67 44 74 -58 -34 25 -52 -77 13 -4 -79 -53
-19 55 -89 -12 -51 -51 66 85 11 -21 18 -77 -24 51 63 -56 24 -57 -72 18
47 82 -22 -74 55 -32 17 -85 -85 55 -74 -16 -55 61 60 39 -68 -33 10 -48
55 19 62 99 13 -95 71 23 25 -68 52 -63 28 -77 -67 -43 81 36 70 85
63 40 -82 20 68 90 -41 -73 -95 -6 -69 93 67 -43 12 88 -23 55 -43 11
29 80 76 -46 62 -89 17 86 -13 85 -83 22 14 -46 14 52 -21 38 5 -16
-75 -7 78 49 -2 -56 -95 -39 4 49 -54 69 -92 -15 81 -1 24 -24 -84 -76
85 27 6 -82 17 -67 26 -68 -20 39 -1 48 -82 15 18 -29 71 -48 16 90
-45 -71 43 89 28 22 15 -22 22 -58 -70 -35 49 61 61 -13 -4 -59 -1 -23
92 -15 -10 -76 -16 -7 -72 84 -59 -29 58 -88 13 12 -78 -44 -87 13 77 26
73 76 63 32 68 71 37 -7 83 -97 -92 58 -68 38 70 -21 -17 -67 -44 7
-91 70 -7 -14 -26 35 -92 -46 75 6 -88 -34 97 70 -50 34 40 26 -57 -41
-52 11 27 15 -30 0 34 -2 -43 -19 -43 10 -21 -43 -43 -13 -58 87 84 -85
37 92 70 -87 -20 -76 95 66 33 -37 68 -62 -55 -51 2 -7 -43 -24 -35 -66
-24 -81 69 42 -19 -32 87 67 -21 56 54 53 -61 -53 -68 -29 -93 -87 -66 16
-29 -25 -43 43 -8 26 -46 44 -97 -26 -58 -49 42 20 32 42 33 -28 -31 51
35 63 26 -21 35 100 -52 -58 83 -43 30 -95 -71 -27 -66 91 -78 -30 -44 -50
-21 -96 86 26 23 91 53 -57 38 -12 99 17 -91 19 -83 -23 0 -47 -25 -82
-58 66 -84 51 22 2 -37 97 -58 -10 9 -73 43 50 64 67 10 69 -67 0
-65 77 -95 75 54 2 58 -51 3 -7 -67 -70 -43 74 -47 -5 28 -33 6 -80
-17 37 -78 -3 -70 83 -29 -50 49 -83 4 -52 82 49 -38 12 -49 -66 37 98
-7 21 45 -73 39 -33 6 27 -87 -86 84 20 -45 -15 -47 -61 86 37 -47 18
39 34 29 -100 -100 -4 83 2 -19 -69 -96 89 -29 -72 99 62 -76 61 -20 52
70 29 -70 -79 -93 7 98 86 89 74 -63 -92 42 68 -91 -44 -16 -19 -35 -14
12 -90 -22 -10 -97 -95 -45 78 -46 68 93 86 27 21 7 -33 19 -51 17 86
58 -88 85 84 -10 71 -62 64 -50 40 -66 96 96 -65 31 -94 99 -17 -14 38
70 6 40 -82 25 -66 47 -6 18 -76 47 1 65 21 -38 93 40 -97 1 -56
22 26 49 66 42 -56 75 -81 -55 -7 78 88 49 82 -9 -24 54 38 -79 -67
-70 23 78 47 -63 41 -100 68 76 11 -71 67 82 49 -38 -3 -74 52 9 -12